4.5	 0.044857344
4.6	 0.087071436
4.7	 0.12685834 
4.8	 0.164410225
4.9	 0.199891388
5	 0.233459144
5.1	 0.265236482
5.2	 0.295359801
5.3	 0.323926203
5.4	 0.351043219
5.5	 0.376782327
5.6	 0.4012396  
5.7	 0.424488733
5.8	 0.446601918
5.9	 0.467643386
6	 0.487677361
6.1	 0.506761595
6.2	 0.52494658 
6.3	 0.54228727 
6.4	 0.558830364
6.5	 0.574619973
6.6	 0.589700496
6.7	 0.604109769
6.8	 0.617885228
6.9	 0.631063701
7	 0.643677745
7.1	 0.655762291
7.2	 0.667343923
7.3	 0.678451158
7.4	 0.689110768
7.5	 0.699347586
7.6	 0.709184306
7.7	 0.718641282
7.8	 0.727736336
7.9	 0.736492398
8	 0.744925793
8.1	 0.753053883
8.2	 0.760891004
8.3	 0.768448259
8.4	 0.775741666
8.5	 0.782783911
8.6	 0.789588426
8.7	 0.79616075 
8.8	 0.802515598
8.9	 0.8086596  
9	 0.814599828
9.1	 0.820348313
9.2	 0.825908555
9.3	 0.831288961
9.4	 0.836493725
9.5	 0.841532044
9.6	 0.846408801
9.7	 0.851129178
9.8	 0.855698165
9.9	 0.860120053
10	 0.864399881
10.1	 0.868541954
10.2	 0.872550307
10.3	 0.876428689
10.4	 0.880181054
10.5	 0.883811045
10.6	 0.887321972
10.7	 0.890717321
10.8	 0.894000224
10.9	 0.897174513
11	 0.900242563
11.1	 0.903207984
11.2	 0.906073436
11.3	 0.908842275
11.4	 0.911516875
11.5	 0.914100296
11.6	 0.916595157
11.7	 0.919004777
11.8	 0.921331436
11.9	 0.92357752 
12	 0.925746112
12.1	 0.927839813
12.2	 0.929860723
12.3	 0.931811643
12.4	 0.933694858
12.5	 0.935512747
12.6	 0.937267773
12.7	 0.938961862
12.8	 0.940597646
12.9	 0.942177206
13	 0.943702698
13.1	 0.945176351
13.2	 0.946599816
13.3	 0.947975459
13.4	 0.949305058
13.5	 0.950590449
13.6	 0.951833528
13.7	 0.953035572
13.8	 0.954199264
13.9	 0.955325305
14	 0.956415803
14.1	 0.957472232
14.2	 0.958496109
14.3	 0.959488994
14.4	 0.960451782
14.5	 0.961386112
14.6	 0.962292946
14.7	 0.963173278
14.8	 0.964028855
14.9	 0.964860741
15	 0.965669284
15.1	 0.966455593
15.2	 0.967221556
15.3	 0.967966993
15.4	 0.968693092
15.5	 0.969400613
15.6	 0.970090337
15.7	 0.970762987
15.8	 0.97141915 
15.9	 0.972059506
16	 0.972684597
16.1	 0.973294979
16.2	 0.973891142
16.3	 0.97447359 
16.4	 0.975042759
16.5	 0.975599016
16.6	 0.976142818
16.7	 0.976674555
16.8	 0.97719446 
16.9	 0.977702938
17	 0.97820024 
17.1	 0.978686707
17.2	 0.979162519
17.3	 0.979627947
17.4	 0.980083186
17.5	 0.98052852 
17.6	 0.980964068
17.7	 0.981390043
17.8	 0.98180666 
17.9	 0.982214054
18	 0.982612453
18.1	 0.983001911
18.2	 0.983382578
18.3	 0.983754604
18.4	 0.984118148
18.5	 0.984473369
18.6	 0.984820341
18.7	 0.985159234
18.8	 0.985490128
18.9	 0.985813107
19	 0.986128351
19.1	 0.98643595 
19.2	 0.986736092
19.3	 0.987028875
19.4	 0.987314303
19.5	 0.987592574
19.6	 0.987863891
19.7	 0.988128266
19.8	 0.988385811
19.9	 0.988636739
20	 0.98888107 
20.1	 0.989119023
20.2	 0.989350624
20.3	 0.989576098
20.4	 0.989795475
20.5	 0.990008987
20.6	 0.99021667 
20.7	 0.990418762
20.8	 0.990615304
20.9	 0.990806539
21	 0.990992515
21.1	 0.991173378
21.2	 0.991349282
21.3	 0.991520277
21.4	 0.991686625
21.5	 0.99184838 
21.6	 0.992005706
21.7	 0.992158662
21.8	 0.99230752 
21.9	 0.992452346
22	 0.992593205
22.1	 0.992730271
22.2	 0.992863722
22.3	 0.99299363 
22.4	 0.993120177
22.5	 0.993243438
22.6	 0.993363491
22.7	 0.993480524
22.8	 0.993594618
22.9	 0.993705966
23	 0.993814563
23.1	 0.993920562
23.2	 0.994024073
23.3	 0.994125184
23.4	 0.994223996
23.5	 0.994320614
23.6	 0.994415128
23.7	 0.994507613
23.8	 0.994598162
23.9	 0.994686861
24	 0.994773787
24.1	 0.994859014
24.2	 0.994942609
24.3	 0.99502465 
24.4	 0.995105193
24.5	 0.995184307
24.6	 0.995262037
24.7	 0.995338454
24.8	 0.995413605
24.9	 0.995487538
25	 0.99556029 
25.1	 0.995631911
25.2	 0.99570245 
25.3	 0.995771934
25.4	 0.995840402
25.5	 0.99590788 
25.6	 0.995974398
25.7	 0.996039994
25.8	 0.996104686
25.9	 0.99616849 
26	 0.996231436
26.1	 0.996293526
26.2	 0.996354793
26.3	 0.99641524 
26.4	 0.996474886
26.5	 0.996533749
26.6	 0.996591821
26.7	 0.996649121
26.8	 0.996705655
26.9	 0.996761429
27	 0.99681645 
27.1	 0.996870723
27.2	 0.996924242
27.3	 0.996977014
27.4	 0.997029045
27.5	 0.997080329
27.6	 0.99713086 
27.7	 0.997180658
27.8	 0.997229703
27.9	 0.997278002
28	 0.99732555 
28.1	 0.997372354
28.2	 0.997418407
28.3	 0.997463717
28.4	 0.997508279
28.5	 0.997552086
28.6	 0.997595146
28.7	 0.997637453
28.8	 0.997679015
28.9	 0.997719827
29	 0.997759897
29.1	 0.997799218
29.2	 0.9978378  
29.3	 0.997875636
29.4	 0.997912736
29.5	 0.997949094
29.6	 0.997984718
29.7	 0.998019618
29.8	 0.998053802
29.9	 0.998087266
30	 0.998120017
30.1	 0.998152067
30.2	 0.998183424
30.3	 0.998214097
30.4	 0.998244097
30.5	 0.998273419
30.6	 0.998302086
30.7	 0.998330096
30.8	 0.998357472
30.9	 0.99838421 
31	 0.998410336
31.1	 0.998435859
31.2	 0.998460776
31.3	 0.998485114
31.4	 0.998508881
31.5	 0.998532091
31.6	 0.998554769
31.7	 0.998576911
31.8	 0.998598529
31.9	 0.998619651
32	 0.998640288
32.1	 0.998660436
32.2	 0.998680123
32.3	 0.998699362
32.4	 0.99871818 
32.5	 0.998736575
32.6	 0.998754559
32.7	 0.998772145
32.8	 0.998789361
32.9	 0.998806206
33	 0.998822708
33.1	 0.998838864
33.2	 0.998854705
33.3	 0.998870227
33.4	 0.998885448
33.5	 0.998900382
33.6	 0.998915041
33.7	 0.998929437
33.8	 0.998943579
33.9	 0.99895748 
34	 0.998971151
34.1	 0.998984601
34.2	 0.99899784 
34.3	 0.999010877
34.4	 0.999023723
34.5	 0.999036385
34.6	 0.999048874
34.7	 0.999061196
34.8	 0.999073359
34.9	 0.99908537 
35	 0.999097235
35.1	 0.999108961
35.2	 0.999120555
35.3	 0.999132021
35.4	 0.999143365
35.5	 0.999154593
35.6	 0.999165706
35.7	 0.999176711
35.8	 0.99918761 
35.9	 0.999198409
36	 0.999209107
36.1	 0.999219709
36.2	 0.999230218
36.3	 0.999240634
36.4	 0.99925096 
36.5	 0.999261196
36.6	 0.999271344
36.7	 0.999281406
36.8	 0.999291381
36.9	 0.99930127 
37	 0.999311074
37.1	 0.99932079 
37.2	 0.99933042 
37.3	 0.999339963
37.4	 0.999349421
37.5	 0.999358791
37.6	 0.999368071
37.7	 0.999377261
37.8	 0.999386361
37.9	 0.999395369
38	 0.999404285
38.1	 0.999413106
38.2	 0.999421831
38.3	 0.999430459
38.4	 0.999438988
38.5	 0.999447419
38.6	 0.999455749
38.7	 0.999463976
38.8	 0.999472099
38.9	 0.999480116
39	 0.999488029
39.1	 0.999495832
39.2	 0.999503528
39.3	 0.999511114
39.4	 0.999518589
39.5	 0.999525953
39.6	 0.999533204
39.7	 0.999540342
39.8	 0.999547365
39.9	 0.999554276
40	 0.99956107 
40.1	 0.99956775 
40.2	 0.999574315
40.3	 0.999580764
40.4	 0.999587099
40.5	 0.999593317
40.6	 0.999599422
40.7	 0.99960541 
40.8	 0.999611286
40.9	 0.999617049
41	 0.999622697
41.1	 0.999628234
41.2	 0.999633661
41.3	 0.999638977
41.4	 0.999644184
41.5	 0.999649284
41.6	 0.999654279
41.7	 0.999659168
41.8	 0.999663954
41.9	 0.999668639
42	 0.999673225
42.1	 0.999677712
42.2	 0.999682102
42.3	 0.9996864  
42.4	 0.999690605
42.5	 0.99969472 
42.6	 0.999698746
42.7	 0.999702687
42.8	 0.999706545
42.9	 0.99971032 
43	 0.999714015
43.1	 0.999717633
43.2	 0.999721176
43.3	 0.999724647
43.4	 0.999728048
43.5	 0.999731381
43.6	 0.999734648
43.7	 0.999737851
43.8	 0.999740993
43.9	 0.999744077
44	 0.999747103
44.1	 0.999750076
44.2	 0.999752995
44.3	 0.999755865
44.4	 0.999758687
44.5	 0.999761463
44.6	 0.999764195
44.7	 0.999766884
44.8	 0.999769534
44.9	 0.999772146
45	 0.99977472 
45.1	 0.99977726 
45.2	 0.999779766
45.3	 0.999782242
45.4	 0.999784688
45.5	 0.999787105
45.6	 0.999789494
45.7	 0.999791859
45.8	 0.999794199
45.9	 0.999796516
46	 0.99979881 
46.1	 0.999801084
46.2	 0.999803337
46.3	 0.99980557 
46.4	 0.999807785
46.5	 0.999809983
46.6	 0.999812164
46.7	 0.999814327
46.8	 0.999816476
46.9	 0.999818609
47	 0.999820726
47.1	 0.999822831
47.2	 0.999824921
47.3	 0.999826998
47.4	 0.999829061
47.5	 0.999831111
47.6	 0.999833148
47.7	 0.999835172
47.8	 0.999837182
47.9	 0.99983918 
48	 0.999841165
48.1	 0.999843136
48.2	 0.999845094
48.3	 0.999847038
48.4	 0.999848969
48.5	 0.999850886
48.6	 0.999852788
48.7	 0.999854677
48.8	 0.99985655 
48.9	 0.999858409
49	 0.999860252
49.1	 0.99986208 
49.2	 0.999863891
49.3	 0.999865686
49.4	 0.999867465
49.5	 0.999869226
49.6	 0.99987097 
49.7	 0.999872696
49.8	 0.999874405
49.9	 0.999876094
50	 0.999877765
50.1	 0.999879416
50.2	 0.999881049
50.3	 0.999882661
50.4	 0.999884253
50.5	 0.999885825
50.6	 0.999887376
50.7	 0.999888906
50.8	 0.999890415
50.9	 0.999891903
51	 0.999893369
51.1	 0.999894813
51.2	 0.999896235
51.3	 0.999897636
51.4	 0.999899014
51.5	 0.99990037 
51.6	 0.999901703
51.7	 0.999903015
51.8	 0.999904304
51.9	 0.99990557 
52	 0.999906815
52.1	 0.999908037
52.2	 0.999909237
52.3	 0.999910415
52.4	 0.999911571
52.5	 0.999912705
52.6	 0.999913817
52.7	 0.999914909
52.8	 0.999915979
52.9	 0.999917027
53	 0.999918055
53.1	 0.999919063
53.2	 0.999920051
53.3	 0.999921018
53.4	 0.999921966
53.5	 0.999922895
53.6	 0.999923805
53.7	 0.999924696
53.8	 0.99992557 
53.9	 0.999926425
54	 0.999927264
54.1	 0.999928085
54.2	 0.99992889 
54.3	 0.999929678
54.4	 0.999930452
54.5	 0.99993121 
54.6	 0.999931953
54.7	 0.999932681
54.8	 0.999933396
54.9	 0.999934098
55	 0.999934786
55.1	 0.999935462
55.2	 0.999936125
55.3	 0.999936777
55.4	 0.999937418
55.5	 0.999938048
55.6	 0.999938667
55.7	 0.999939276
55.8	 0.999939876
55.9	 0.999940467
56	 0.999941049
56.1	 0.999941622
56.2	 0.999942188
56.3	 0.999942746
56.4	 0.999943296
56.5	 0.99994384 
56.6	 0.999944377
56.7	 0.999944908
56.8	 0.999945433
56.9	 0.999945952
57	 0.999946466
57.1	 0.999946975
57.2	 0.999947479
57.3	 0.999947978
57.4	 0.999948473
57.5	 0.999948964
57.6	 0.999949451
57.7	 0.999949935
57.8	 0.999950414
57.9	 0.999950891
58	 0.999951364
58.1	 0.999951834
58.2	 0.999952301
58.3	 0.999952765
58.4	 0.999953227
58.5	 0.999953685
58.6	 0.999954142
58.7	 0.999954596
58.8	 0.999955047
58.9	 0.999955496
59	 0.999955943
59.1	 0.999956387
59.2	 0.999956829
59.3	 0.999957269
59.4	 0.999957706
59.5	 0.999958142
59.6	 0.999958574
59.7	 0.999959005
59.8	 0.999959433
59.9	 0.999959859
60	 0.999960282
60.1	 0.999960703
60.2	 0.999961121
60.3	 0.999961536
60.4	 0.999961949
60.5	 0.999962359
60.6	 0.999962766
60.7	 0.99996317 
60.8	 0.999963572
60.9	 0.99996397 
61	 0.999964365
61.1	 0.999964756
61.2	 0.999965145
61.3	 0.99996553 
61.4	 0.999965911
61.5	 0.99996629 
61.6	 0.999966664
61.7	 0.999967034
61.8	 0.999967401
61.9	 0.999967764
62	 0.999968123
62.1	 0.999968478
62.2	 0.999968829
62.3	 0.999969176
62.4	 0.999969518
62.5	 0.999969857
62.6	 0.999970191
62.7	 0.99997052 
62.8	 0.999970846
62.9	 0.999971166
63	 0.999971483
63.1	 0.999971794
63.2	 0.999972102
63.3	 0.999972404
63.4	 0.999972702
63.5	 0.999972995
63.6	 0.999973284
63.7	 0.999973568
63.8	 0.999973848
63.9	 0.999974123
64	 0.999974393
64.1	 0.999974659
64.2	 0.99997492 
64.3	 0.999975176
64.4	 0.999975428
64.5	 0.999975675
64.6	 0.999975918
64.7	 0.999976157
64.8	 0.999976391
64.9	 0.999976621
65	 0.999976847
65.1	 0.999977068
65.2	 0.999977285
65.3	 0.999977498
65.4	 0.999977707
65.5	 0.999977912
65.6	 0.999978113
65.7	 0.99997831 
65.8	 0.999978504
65.9	 0.999978694
66	 0.99997888 
66.1	 0.999979063
66.2	 0.999979242
66.3	 0.999979418
66.4	 0.999979591
66.5	 0.99997976 
66.6	 0.999979926
66.7	 0.99998009 
66.8	 0.99998025 
66.9	 0.999980408
67	 0.999980563
67.1	 0.999980715
67.2	 0.999980864
67.3	 0.999981011
67.4	 0.999981156
67.5	 0.999981298
67.6	 0.999981439
67.7	 0.999981577
67.8	 0.999981712
67.9	 0.999981846
68	 0.999981978
68.1	 0.999982109
68.2	 0.999982237
68.3	 0.999982364
68.4	 0.999982489
68.5	 0.999982613
68.6	 0.999982735
68.7	 0.999982855
68.8	 0.999982975
68.9	 0.999983093
69	 0.99998321 
69.1	 0.999983325
69.2	 0.99998344 
69.3	 0.999983554
69.4	 0.999983666
69.5	 0.999983778
69.6	 0.999983888
69.7	 0.999983998
69.8	 0.999984107
69.9	 0.999984215
70	 0.999984323
70.1	 0.999984429
70.2	 0.999984535
70.3	 0.999984641
70.4	 0.999984745
70.5	 0.999984849
70.6	 0.999984953
70.7	 0.999985055
70.8	 0.999985158
70.9	 0.999985259
71	 0.99998536 
71.1	 0.999985461
71.2	 0.999985561
71.3	 0.999985661
71.4	 0.99998576 
71.5	 0.999985858
71.6	 0.999985956
71.7	 0.999986053
71.8	 0.99998615 
71.9	 0.999986247
72	 0.999986343
72.1	 0.999986438
72.2	 0.999986533
72.3	 0.999986627
72.4	 0.999986721
72.5	 0.999986814
72.6	 0.999986906
72.7	 0.999986998
72.8	 0.999987089
72.9	 0.99998718 
73	 0.99998727 
73.1	 0.999987359
73.2	 0.999987448
73.3	 0.999987536
73.4	 0.999987623
73.5	 0.99998771 
73.6	 0.999987796
73.7	 0.999987881
73.8	 0.999987966
73.9	 0.999988049
74	 0.999988132
74.1	 0.999988214
74.2	 0.999988296
74.3	 0.999988376
74.4	 0.999988456
74.5	 0.999988535
74.6	 0.999988613
74.7	 0.99998869 
74.8	 0.999988766
74.9	 0.999988841
75	 0.999988916
75.1	 0.999988989
75.2	 0.999989062
75.3	 0.999989134
75.4	 0.999989205
75.5	 0.999989274
75.6	 0.999989343
75.7	 0.999989412
75.8	 0.999989479
75.9	 0.999989545
76	 0.99998961 
76.1	 0.999989674
76.2	 0.999989738
76.3	 0.9999898  
76.4	 0.999989862
76.5	 0.999989923
76.6	 0.999989982
76.7	 0.999990041
76.8	 0.999990099
76.9	 0.999990156
77	 0.999990212
77.1	 0.999990267
77.2	 0.999990322
77.3	 0.999990375
77.4	 0.999990428
77.5	 0.99999048 
77.6	 0.99999053 
77.7	 0.999990581
77.8	 0.99999063 
77.9	 0.999990678
78	 0.999990726
78.1	 0.999990773
78.2	 0.999990819
78.3	 0.999990865
78.4	 0.999990909
78.5	 0.999990953
78.6	 0.999990997
78.7	 0.999991039
78.8	 0.999991081
78.9	 0.999991123
79	 0.999991163
79.1	 0.999991203
79.2	 0.999991243
79.3	 0.999991282
79.4	 0.99999132 
79.5	 0.999991358
79.6	 0.999991395
79.7	 0.999991432
79.8	 0.999991468
79.9	 0.999991504
80	 0.999991539
80.1	 0.999991574
80.2	 0.999991608
80.3	 0.999991642
80.4	 0.999991675
80.5	 0.999991708
80.6	 0.999991741
80.7	 0.999991773
80.8	 0.999991805
80.9	 0.999991837
81	 0.999991868
81.1	 0.999991899
81.2	 0.99999193 
81.3	 0.99999196 
81.4	 0.99999199 
81.5	 0.99999202 
81.6	 0.999992049
81.7	 0.999992079
81.8	 0.999992108
81.9	 0.999992136
82	 0.999992165
82.1	 0.999992193
82.2	 0.999992221
82.3	 0.999992249
82.4	 0.999992277
82.5	 0.999992304
82.6	 0.999992332
82.7	 0.999992359
82.8	 0.999992386
82.9	 0.999992412
83	 0.999992439
83.1	 0.999992465
83.2	 0.999992492
83.3	 0.999992518
83.4	 0.999992543
83.5	 0.999992569
83.6	 0.999992595
83.7	 0.99999262 
83.8	 0.999992645
83.9	 0.99999267 
84	 0.999992695
84.1	 0.99999272 
84.2	 0.999992745
84.3	 0.999992769
84.4	 0.999992794
84.5	 0.999992818
84.6	 0.999992842
84.7	 0.999992865
84.8	 0.999992889
84.9	 0.999992913
85	 0.999992936
85.1	 0.999992959
85.2	 0.999992982
85.3	 0.999993005
85.4	 0.999993027
85.5	 0.99999305 
85.6	 0.999993072
85.7	 0.999993094
85.8	 0.999993116
85.9	 0.999993137
86	 0.999993159
86.1	 0.99999318 
86.2	 0.999993201
86.3	 0.999993222
86.4	 0.999993243
86.5	 0.999993263
86.6	 0.999993284
86.7	 0.999993304
86.8	 0.999993324
86.9	 0.999993343
87	 0.999993363
87.1	 0.999993382
87.2	 0.999993401
87.3	 0.99999342 
87.4	 0.999993438
87.5	 0.999993457
87.6	 0.999993475
87.7	 0.999993493
87.8	 0.99999351 
87.9	 0.999993528
88	 0.999993545
88.1	 0.999993562
88.2	 0.999993579
88.3	 0.999993595
88.4	 0.999993611
88.5	 0.999993627
88.6	 0.999993643
88.7	 0.999993659
88.8	 0.999993674
88.9	 0.999993689
89	 0.999993704
89.1	 0.999993719
89.2	 0.999993734
89.3	 0.999993748
89.4	 0.999993762
89.5	 0.999993776
89.6	 0.99999379 
89.7	 0.999993803
89.8	 0.999993816
89.9	 0.999993829
90	 0.999993842
90.1	 0.999993855
90.2	 0.999993867
90.3	 0.99999388 
90.4	 0.999993892
90.5	 0.999993904
90.6	 0.999993915
90.7	 0.999993927
90.8	 0.999993938
90.9	 0.99999395 
91	 0.999993961
91.1	 0.999993972
91.2	 0.999993982
91.3	 0.999993993
91.4	 0.999994004
91.5	 0.999994014
91.6	 0.999994024
91.7	 0.999994034
91.8	 0.999994044
91.9	 0.999994054
92	 0.999994064
92.1	 0.999994073
92.2	 0.999994083
92.3	 0.999994092
92.4	 0.999994101
92.5	 0.999994111
92.6	 0.99999412 
92.7	 0.999994129
92.8	 0.999994138
92.9	 0.999994146
93	 0.999994155
93.1	 0.999994164
93.2	 0.999994173
93.3	 0.999994181
93.4	 0.99999419 
93.5	 0.999994198
93.6	 0.999994207
93.7	 0.999994215
93.8	 0.999994223
93.9	 0.999994232
94	 0.99999424 
94.1	 0.999994248
94.2	 0.999994256
94.3	 0.999994265
94.4	 0.999994273
94.5	 0.999994281
94.6	 0.999994289
94.7	 0.999994297
94.8	 0.999994305
94.9	 0.999994313
95	 0.999994321
95.1	 0.999994329
95.2	 0.999994337
95.3	 0.999994345
95.4	 0.999994353
95.5	 0.999994361
95.6	 0.999994369
95.7	 0.999994377
95.8	 0.999994385
95.9	 0.999994393
96	 0.999994401
96.1	 0.999994409
96.2	 0.999994417
96.3	 0.999994425
96.4	 0.999994432
96.5	 0.99999444 
96.6	 0.999994448
96.7	 0.999994456
96.8	 0.999994464
96.9	 0.999994472
97	 0.99999448 
97.1	 0.999994488
97.2	 0.999994495
97.3	 0.999994503
97.4	 0.999994511
97.5	 0.999994519
97.6	 0.999994527
97.7	 0.999994535
97.8	 0.999994542
97.9	 0.99999455 
98	 0.999994558
98.1	 0.999994566
98.2	 0.999994573
98.3	 0.999994581
98.4	 0.999994589
98.5	 0.999994596
98.6	 0.999994604
98.7	 0.999994611
98.8	 0.999994619
98.9	 0.999994626
99	 0.999994634
99.1	 0.999994641
99.2	 0.999994649
99.3	 0.999994656
99.4	 0.999994664
99.5	 0.999994671
99.6	 0.999994678
99.7	 0.999994685
99.8	 0.999994692
99.9	 0.999994699
100	 0.999994706
100.1	 0.999994713
100.2	 0.99999472 
100.3	 0.999994727
100.4	 0.999994734
100.5	 0.999994741
100.6	 0.999994748
100.7	 0.999994754
100.8	 0.999994761
100.9	 0.999994767
101	 0.999994774
101.1	 0.99999478 
101.2	 0.999994786
101.3	 0.999994793
101.4	 0.999994799
101.5	 0.999994805
101.6	 0.999994811
101.7	 0.999994817
101.8	 0.999994823
101.9	 0.999994829
102	 0.999994834
102.1	 0.99999484 
102.2	 0.999994845
102.3	 0.999994851
102.4	 0.999994856
102.5	 0.999994862
102.6	 0.999994867
102.7	 0.999994872
102.8	 0.999994877
102.9	 0.999994882
103	 0.999994887
103.1	 0.999994892
103.2	 0.999994897
103.3	 0.999994902
103.4	 0.999994906
103.5	 0.999994911
103.6	 0.999994915
103.7	 0.99999492 
103.8	 0.999994924
103.9	 0.999994929
104	 0.999994933
104.1	 0.999994937
104.2	 0.999994941
104.3	 0.999994945
104.4	 0.999994949
104.5	 0.999994953
104.6	 0.999994957
104.7	 0.999994961
104.8	 0.999994965
104.9	 0.999994968
105	 0.999994972
105.1	 0.999994976
105.2	 0.999994979
105.3	 0.999994983
105.4	 0.999994986
105.5	 0.99999499 
105.6	 0.999994993
105.7	 0.999994996
105.8	 0.999995   
105.9	 0.999995003
106	 0.999995006
106.1	 0.999995009
106.2	 0.999995012
106.3	 0.999995016
106.4	 0.999995019
106.5	 0.999995022
106.6	 0.999995025
106.7	 0.999995028
106.8	 0.999995031
106.9	 0.999995034
107	 0.999995036
107.1	 0.999995039
107.2	 0.999995042
107.3	 0.999995045
107.4	 0.999995048
107.5	 0.999995051
107.6	 0.999995054
107.7	 0.999995056
107.8	 0.999995059
107.9	 0.999995062
108	 0.999995065
108.1	 0.999995068
108.2	 0.999995071
108.3	 0.999995073
108.4	 0.999995076
108.5	 0.999995079
108.6	 0.999995082
108.7	 0.999995085
108.8	 0.999995087
108.9	 0.99999509 
109	 0.999995093
109.1	 0.999995096
109.2	 0.999995099
109.3	 0.999995102
109.4	 0.999995105
109.5	 0.999995108
109.6	 0.999995111
109.7	 0.999995114
109.8	 0.999995117
109.9	 0.99999512 
110	 0.999995123
110.1	 0.999995126
110.2	 0.999995129
110.3	 0.999995133
110.4	 0.999995136
110.5	 0.999995139
110.6	 0.999995142
110.7	 0.999995146
110.8	 0.999995149
110.9	 0.999995152
111	 0.999995156
111.1	 0.999995159
111.2	 0.999995163
111.3	 0.999995166
111.4	 0.99999517 
111.5	 0.999995174
111.6	 0.999995177
111.7	 0.999995181
111.8	 0.999995185
111.9	 0.999995188
112	 0.999995192
112.1	 0.999995196
112.2	 0.9999952  
112.3	 0.999995204
112.4	 0.999995208
112.5	 0.999995212
112.6	 0.999995216
112.7	 0.99999522 
112.8	 0.999995224
112.9	 0.999995228
113	 0.999995232
113.1	 0.999995236
113.2	 0.99999524 
113.3	 0.999995244
113.4	 0.999995249
113.5	 0.999995253
113.6	 0.999995257
113.7	 0.999995261
113.8	 0.999995266
113.9	 0.99999527 
114	 0.999995274
114.1	 0.999995279
114.2	 0.999995283
114.3	 0.999995287
114.4	 0.999995292
114.5	 0.999995296
114.6	 0.999995301
114.7	 0.999995305
114.8	 0.999995309
114.9	 0.999995314
115	 0.999995318
115.1	 0.999995323
115.2	 0.999995327
115.3	 0.999995332
115.4	 0.999995336
115.5	 0.999995341
115.6	 0.999995345
115.7	 0.99999535 
115.8	 0.999995354
115.9	 0.999995359
116	 0.999995363
116.1	 0.999995368
116.2	 0.999995372
116.3	 0.999995377
116.4	 0.999995381
116.5	 0.999995386
116.6	 0.99999539 
116.7	 0.999995395
116.8	 0.999995399
116.9	 0.999995404
117	 0.999995408
117.1	 0.999995413
117.2	 0.999995417
117.3	 0.999995421
117.4	 0.999995426
117.5	 0.99999543 
117.6	 0.999995434
117.7	 0.999995439
117.8	 0.999995443
117.9	 0.999995447
118	 0.999995451
118.1	 0.999995456
118.2	 0.99999546 
118.3	 0.999995464
118.4	 0.999995468
118.5	 0.999995472
118.6	 0.999995476
118.7	 0.99999548 
118.8	 0.999995484
118.9	 0.999995488
119	 0.999995492
119.1	 0.999995496
119.2	 0.9999955  
119.3	 0.999995504
119.4	 0.999995508
119.5	 0.999995512
119.6	 0.999995516
119.7	 0.999995519
119.8	 0.999995523
119.9	 0.999995527
120	 0.999995531
120.1	 0.999995534
120.2	 0.999995538
120.3	 0.999995542
120.4	 0.999995546
120.5	 0.999995549
120.6	 0.999995553
120.7	 0.999995556
120.8	 0.99999556 
120.9	 0.999995564
121	 0.999995567
121.1	 0.999995571
121.2	 0.999995574
121.3	 0.999995578
121.4	 0.999995582
121.5	 0.999995585
121.6	 0.999995589
121.7	 0.999995592
121.8	 0.999995596
121.9	 0.999995599
122	 0.999995603
122.1	 0.999995606
122.2	 0.99999561 
122.3	 0.999995613
122.4	 0.999995617
122.5	 0.999995621
122.6	 0.999995624
122.7	 0.999995628
122.8	 0.999995631
122.9	 0.999995635
123	 0.999995639
123.1	 0.999995642
123.2	 0.999995646
123.3	 0.999995649
123.4	 0.999995653
123.5	 0.999995657
123.6	 0.99999566 
123.7	 0.999995664
123.8	 0.999995668
123.9	 0.999995671
124	 0.999995675
124.1	 0.999995679
124.2	 0.999995683
124.3	 0.999995686
124.4	 0.99999569 
124.5	 0.999995694
124.6	 0.999995698
124.7	 0.999995702
124.8	 0.999995706
124.9	 0.99999571 
125	 0.999995713
125.1	 0.999995717
125.2	 0.999995721
125.3	 0.999995725
125.4	 0.999995729
125.5	 0.999995733
125.6	 0.999995738
125.7	 0.999995742
125.8	 0.999995746
125.9	 0.99999575 
126	 0.999995754
126.1	 0.999995758
126.2	 0.999995763
126.3	 0.999995767
126.4	 0.999995771
126.5	 0.999995776
126.6	 0.99999578 
126.7	 0.999995784
126.8	 0.999995789
126.9	 0.999995793
127	 0.999995798
127.1	 0.999995802
127.2	 0.999995807
127.3	 0.999995812
127.4	 0.999995816
127.5	 0.999995821
127.6	 0.999995826
127.7	 0.99999583 
127.8	 0.999995835
127.9	 0.99999584 
128	 0.999995845
128.1	 0.99999585 
128.2	 0.999995855
128.3	 0.99999586 
128.4	 0.999995865
128.5	 0.99999587 
128.6	 0.999995875
128.7	 0.99999588 
128.8	 0.999995885
128.9	 0.99999589 
129	 0.999995895
129.1	 0.999995901
129.2	 0.999995906
129.3	 0.999995911
129.4	 0.999995917
129.5	 0.999995922
129.6	 0.999995927
129.7	 0.999995933
129.8	 0.999995938
129.9	 0.999995944
130	 0.999995949
130.1	 0.999995955
130.2	 0.99999596 
130.3	 0.999995966
130.4	 0.999995971
130.5	 0.999995977
130.6	 0.999995983
130.7	 0.999995988
130.8	 0.999995994
130.9	 0.999996   
131	 0.999996006
131.1	 0.999996012
131.2	 0.999996017
131.3	 0.999996023
131.4	 0.999996029
131.5	 0.999996035
131.6	 0.999996041
131.7	 0.999996047
131.8	 0.999996053
131.9	 0.999996059
132	 0.999996066
132.1	 0.999996072
132.2	 0.999996078
132.3	 0.999996084
132.4	 0.99999609 
132.5	 0.999996097
132.6	 0.999996103
132.7	 0.999996109
132.8	 0.999996116
132.9	 0.999996122
133	 0.999996129
133.1	 0.999996135
133.2	 0.999996142
133.3	 0.999996148
133.4	 0.999996155
133.5	 0.999996162
133.6	 0.999996168
133.7	 0.999996175
133.8	 0.999996182
133.9	 0.999996189
134	 0.999996196
134.1	 0.999996202
134.2	 0.999996209
134.3	 0.999996216
134.4	 0.999996223
134.5	 0.99999623 
134.6	 0.999996237
134.7	 0.999996244
134.8	 0.999996251
134.9	 0.999996258
135	 0.999996265
135.1	 0.999996272
135.2	 0.999996279
135.3	 0.999996286
135.4	 0.999996293
135.5	 0.999996301
135.6	 0.999996308
135.7	 0.999996315
135.8	 0.999996322
135.9	 0.999996329
136	 0.999996337
136.1	 0.999996344
136.2	 0.999996351
136.3	 0.999996358
136.4	 0.999996366
136.5	 0.999996373
136.6	 0.99999638 
136.7	 0.999996387
136.8	 0.999996395
136.9	 0.999996402
137	 0.999996409
137.1	 0.999996417
137.2	 0.999996424
137.3	 0.999996431
137.4	 0.999996439
137.5	 0.999996446
137.6	 0.999996453
137.7	 0.999996461
137.8	 0.999996468
137.9	 0.999996476
138	 0.999996483
138.1	 0.99999649 
138.2	 0.999996498
138.3	 0.999996505
138.4	 0.999996512
138.5	 0.99999652 
138.6	 0.999996527
138.7	 0.999996534
138.8	 0.999996542
138.9	 0.999996549
139	 0.999996556
139.1	 0.999996564
139.2	 0.999996571
139.3	 0.999996578
139.4	 0.999996586
139.5	 0.999996593
139.6	 0.9999966  
139.7	 0.999996608
139.8	 0.999996615
139.9	 0.999996622
140	 0.999996629
140.1	 0.999996636
140.2	 0.999996644
140.3	 0.999996651
140.4	 0.999996658
140.5	 0.999996665
140.6	 0.999996672
140.7	 0.999996679
140.8	 0.999996686
140.9	 0.999996693
141	 0.999996701
141.1	 0.999996708
141.2	 0.999996715
141.3	 0.999996722
141.4	 0.999996729
141.5	 0.999996736
141.6	 0.999996743
141.7	 0.99999675 
141.8	 0.999996757
141.9	 0.999996764
142	 0.999996771
142.1	 0.999996778
142.2	 0.999996785
142.3	 0.999996792
142.4	 0.999996799
142.5	 0.999996806
142.6	 0.999996813
142.7	 0.99999682 
142.8	 0.999996827
142.9	 0.999996834
143	 0.999996841
143.1	 0.999996848
143.2	 0.999996855
143.3	 0.999996862
143.4	 0.99999687 
143.5	 0.999996877
143.6	 0.999996884
143.7	 0.999996891
143.8	 0.999996899
143.9	 0.999996906
144	 0.999996913
144.1	 0.999996921
144.2	 0.999996928
144.3	 0.999996936
144.4	 0.999996943
144.5	 0.999996951
144.6	 0.999996958
144.7	 0.999996966
144.8	 0.999996974
144.9	 0.999996981
145	 0.999996989
145.1	 0.999996997
145.2	 0.999997005
145.3	 0.999997013
145.4	 0.999997021
145.5	 0.999997029
145.6	 0.999997037
145.7	 0.999997045
145.8	 0.999997053
145.9	 0.999997061
146	 0.99999707 
146.1	 0.999997078
146.2	 0.999997086
146.3	 0.999997095
146.4	 0.999997103
146.5	 0.999997112
146.6	 0.99999712 
146.7	 0.999997129
146.8	 0.999997138
146.9	 0.999997146
147	 0.999997155
147.1	 0.999997164
147.2	 0.999997173
147.3	 0.999997182
147.4	 0.999997191
147.5	 0.9999972  
147.6	 0.999997209
147.7	 0.999997219
147.8	 0.999997228
147.9	 0.999997237
148	 0.999997247
148.1	 0.999997256
148.2	 0.999997266
148.3	 0.999997275
148.4	 0.999997285
148.5	 0.999997294
148.6	 0.999997304
148.7	 0.999997314
148.8	 0.999997323
148.9	 0.999997333
149	 0.999997343
149.1	 0.999997353
149.2	 0.999997363
149.3	 0.999997373
149.4	 0.999997383
149.5	 0.999997393
149.6	 0.999997403
149.7	 0.999997413
149.8	 0.999997423
149.9	 0.999997433
150	 0.999997443
150.1	 0.999997453
150.2	 0.999997463
150.3	 0.999997473
150.4	 0.999997483
150.5	 0.999997493
150.6	 0.999997503
150.7	 0.999997513
150.8	 0.999997524
150.9	 0.999997534
151	 0.999997544
151.1	 0.999997554
151.2	 0.999997564
151.3	 0.999997574
151.4	 0.999997584
151.5	 0.999997594
151.6	 0.999997604
151.7	 0.999997614
151.8	 0.999997623
151.9	 0.999997633
152	 0.999997643
152.1	 0.999997653
152.2	 0.999997663
152.3	 0.999997672
152.4	 0.999997682
152.5	 0.999997692
152.6	 0.999997701
152.7	 0.999997711
152.8	 0.99999772 
152.9	 0.99999773 
153	 0.999997739
153.1	 0.999997749
153.2	 0.999997758
153.3	 0.999997768
153.4	 0.999997777
153.5	 0.999997786
153.6	 0.999997795
153.7	 0.999997805
153.8	 0.999997814
153.9	 0.999997823
154	 0.999997832
154.1	 0.999997841
154.2	 0.99999785 
154.3	 0.99999786 
154.4	 0.999997869
154.5	 0.999997878
154.6	 0.999997887
154.7	 0.999997896
154.8	 0.999997905
154.9	 0.999997914
155	 0.999997922
155.1	 0.999997931
155.2	 0.99999794 
155.3	 0.999997949
155.4	 0.999997958
155.5	 0.999997967
155.6	 0.999997976
155.7	 0.999997985
155.8	 0.999997994
155.9	 0.999998003
156	 0.999998011
156.1	 0.99999802 
156.2	 0.999998029
156.3	 0.999998038
156.4	 0.999998047
156.5	 0.999998056
156.6	 0.999998065
156.7	 0.999998074
156.8	 0.999998083
156.9	 0.999998092
157	 0.999998101
157.1	 0.99999811 
157.2	 0.999998119
157.3	 0.999998128
157.4	 0.999998137
157.5	 0.999998146
157.6	 0.999998156
157.7	 0.999998165
157.8	 0.999998174
157.9	 0.999998183
158	 0.999998193
158.1	 0.999998202
158.2	 0.999998212
158.3	 0.999998221
158.4	 0.999998231
158.5	 0.99999824 
158.6	 0.99999825 
158.7	 0.99999826 
158.8	 0.999998269
158.9	 0.999998279
159	 0.999998289
159.1	 0.999998299
159.2	 0.999998309
159.3	 0.999998319
159.4	 0.999998329
159.5	 0.99999834 
159.6	 0.99999835 
159.7	 0.99999836 
159.8	 0.999998371
159.9	 0.999998381
160	 0.999998392
160.1	 0.999998402
160.2	 0.999998413
160.3	 0.999998424
160.4	 0.999998434
160.5	 0.999998445
160.6	 0.999998456
160.7	 0.999998467
160.8	 0.999998478
160.9	 0.999998489
161	 0.9999985  
161.1	 0.999998512
161.2	 0.999998523
161.3	 0.999998534
161.4	 0.999998546
161.5	 0.999998557
161.6	 0.999998568
161.7	 0.99999858 
161.8	 0.999998591
161.9	 0.999998603
162	 0.999998615
162.1	 0.999998626
162.2	 0.999998638
162.3	 0.99999865 
162.4	 0.999998661
162.5	 0.999998673
162.6	 0.999998685
162.7	 0.999998697
162.8	 0.999998709
162.9	 0.99999872 
163	 0.999998732
163.1	 0.999998744
163.2	 0.999998756
163.3	 0.999998768
163.4	 0.99999878 
163.5	 0.999998792
163.6	 0.999998804
163.7	 0.999998816
163.8	 0.999998828
163.9	 0.99999884 
164	 0.999998852
164.1	 0.999998864
164.2	 0.999998876
164.3	 0.999998888
164.4	 0.9999989  
164.5	 0.999998912
164.6	 0.999998924
164.7	 0.999998936
164.8	 0.999998948
164.9	 0.99999896 
165	 0.999998972
165.1	 0.999998984
165.2	 0.999998996
165.3	 0.999999008
165.4	 0.99999902 
165.5	 0.999999032
165.6	 0.999999044
165.7	 0.999999056
165.8	 0.999999068
165.9	 0.999999079
166	 0.999999091
166.1	 0.999999103
166.2	 0.999999115
166.3	 0.999999126
166.4	 0.999999138
166.5	 0.99999915 
166.6	 0.999999161
166.7	 0.999999173
166.8	 0.999999184
166.9	 0.999999196
167	 0.999999207
167.1	 0.999999218
167.2	 0.999999229
167.3	 0.999999241
167.4	 0.999999252
167.5	 0.999999263
167.6	 0.999999274
167.7	 0.999999285
167.8	 0.999999296
167.9	 0.999999307
168	 0.999999318
168.1	 0.999999328
168.2	 0.999999339
168.3	 0.99999935 
168.4	 0.99999936 
168.5	 0.999999371
168.6	 0.999999381
168.7	 0.999999392
168.8	 0.999999402
168.9	 0.999999412
169	 0.999999422
169.1	 0.999999432
169.2	 0.999999442
169.3	 0.999999452
169.4	 0.999999462
169.5	 0.999999472
169.6	 0.999999482
169.7	 0.999999491
169.8	 0.999999501
169.9	 0.99999951 
170	 0.99999952 
170.1	 0.999999529
170.2	 0.999999538
170.3	 0.999999548
170.4	 0.999999557
170.5	 0.999999566
170.6	 0.999999575
170.7	 0.999999583
170.8	 0.999999592
170.9	 0.999999601
171	 0.99999961 
171.1	 0.999999618
171.2	 0.999999626
171.3	 0.999999635
171.4	 0.999999643
171.5	 0.999999651
171.6	 0.999999659
171.7	 0.999999667
171.8	 0.999999675
171.9	 0.999999683
172	 0.999999691
172.1	 0.999999698
172.2	 0.999999706
172.3	 0.999999713
172.4	 0.999999721
172.5	 0.999999728
172.6	 0.999999735
172.7	 0.999999742
172.8	 0.999999749
172.9	 0.999999756
173	 0.999999763
173.1	 0.999999769
173.2	 0.999999776
173.3	 0.999999782
173.4	 0.999999789
173.5	 0.999999795
173.6	 0.999999801
173.7	 0.999999807
173.8	 0.999999813
173.9	 0.999999819
174	 0.999999825
174.1	 0.999999831
174.2	 0.999999837
174.3	 0.999999842
174.4	 0.999999848
174.5	 0.999999853
174.6	 0.999999858
174.7	 0.999999863
174.8	 0.999999868
174.9	 0.999999873
175	 0.999999878
175.1	 0.999999883
175.2	 0.999999888
175.3	 0.999999892
175.4	 0.999999897
175.5	 0.999999901
175.6	 0.999999906
175.7	 0.99999991 
175.8	 0.999999914
175.9	 0.999999918
176	 0.999999922
176.1	 0.999999926
176.2	 0.99999993 
176.3	 0.999999933
176.4	 0.999999937
176.5	 0.99999994 
176.6	 0.999999944
176.7	 0.999999947
176.8	 0.99999995 
176.9	 0.999999953
177	 0.999999956
177.1	 0.999999959
177.2	 0.999999962
177.3	 0.999999965
177.4	 0.999999967
177.5	 0.99999997 
177.6	 0.999999972
177.7	 0.999999975
177.8	 0.999999977
177.9	 0.999999979
178	 0.999999981
178.1	 0.999999983
178.2	 0.999999985
178.3	 0.999999986
178.4	 0.999999988
178.5	 0.999999989
178.6	 0.999999991
178.7	 0.999999992
178.8	 0.999999993
178.9	 0.999999994
179	 0.999999995
179.1	 0.999999996
179.2	 0.999999997
179.3	 0.999999998
179.4	 0.999999998
179.5	 0.999999999
179.6	 0.999999999
179.7	 1          
179.8	 1          
179.9	 1          
180	 1          





























































































































































































































































































































































































































































































































































































































































































































































































































































































































































































































































































































































































































































































































































































































































































































































































































































































































































































































!
